$AACAAAGTT$
 :::   ::: 
$TTGAAACAA$
                   |         *         |         $         |         A         |         A         |         C         |         A         |         A         |         A         |         G         |         T         |         T         |         $         |
-------------------+-------------------+-------------------+-------------------+-------------------+-------------------+-------------------+-------------------+-------------------+-------------------+-------------------+-------------------+-------------------+
         *         |        0 -29.9535 |        0 -29.9535 |        0 -29.9535 |        0 -29.9535 |        0 -29.9535 |        0 -29.9535 |        0 -29.9535 |        0 -29.9535 |        0 -29.9535 |        0 -29.9535 |        0 -29.9535 |        0 -29.9535 |
                   |        0 -29.9535 |        0 -29.9535 |        0 -29.9535 |        0 -29.9535 |        0 -29.9535 |        0 -29.9535 |        0 -29.9535 |        0 -29.9535 |        0 -29.9535 |        0 -29.9535 |        0 -29.9535 |        0 -29.9535 |
                   |        0 -29.9535 |        0 -29.9535 |        0 -29.9535 |        0 -29.9535 |        0 -29.9535 |        0 -29.9535 |        0 -29.9535 |        0 -29.9535 |        0 -29.9535 |        0 -29.9535 |        0 -29.9535 |        0 -29.9535 |
-------------------+-------------------+-------------------+-------------------+-------------------+-------------------+-------------------+-------------------+-------------------+-------------------+-------------------+-------------------+-------------------+
         $         |        0 -29.9535 |        0 -29.9535 |        0 -29.9535 |        0 -29.9535 |        0 -29.9535 |        0 -29.9535 |        0 -29.9535 |        0 -29.9535 |        0 -29.9535 |        0 -29.9535 |        0 -29.9535 |        0 -29.9535 |
                   |        0 -29.9535 |    forbidden      |    forbidden      |    forbidden      |    forbidden      |    forbidden      |    forbidden      |    forbidden      |    forbidden      |    forbidden      |    forbidden      |    forbidden      |
                   |        0 -29.9535 |    forbidden      |        0 -29.9535 |        0 -29.9535 |        0 -29.9535 |        0 -29.9535 |        0 -29.9535 |        0 -29.9535 |        0 -29.9535 |        0 -29.9535 |    forbidden      |        0 -29.9535 |
-------------------+-------------------+-------------------+-------------------+-------------------+-------------------+-------------------+-------------------+-------------------+-------------------+-------------------+-------------------+-------------------+
         T         |        0 -29.9535 |        0 -29.9535 |        0 -29.9535 |      200 -27.6535 |        0 -29.9535 |      600 -26.6535 |      200 -27.6535 |      200 -27.6535 |        0 -29.9535 |        0 -29.9535 |        0 -29.9535 |        0 -29.9535 |
                   |        0 -29.9535 |        0 -29.9535 |        0 -29.9535 |        0 -29.9535 |        0 -29.9535 |        0 -29.9535 |        0 -29.9535 |        0 -29.9535 |        0 -29.9535 |        0 -29.9535 |        0 -29.9535 |        0 -29.9535 |
                   |        0 -29.9535 |    forbidden      |        0 -29.9535 |        0 -29.9535 |        0 -29.9535 |        0 -29.9535 |        0 -29.9535 |        0 -29.9535 |        0 -29.9535 |        0 -29.9535 |    forbidden      |        0 -29.9535 |
-------------------+-------------------+-------------------+-------------------+-------------------+-------------------+-------------------+-------------------+-------------------+-------------------+-------------------+-------------------+-------------------+
         T         |        0 -29.9535 |        0 -29.9535 |     2900 -19.5535 |    -7600 -51.2535 |      900 -27.4535 |     1000 -29.2535 |    -7000 -47.9535 |    -7400 -48.9535 |     1200 -26.7535 |        0 -29.9535 |        0 -29.9535 |        0 -29.9535 |
                   |        0 -29.9535 |        0 -29.9535 |        0 -29.9535 |        0 -29.9535 |   -10260 -65.4735 |   -10260 -66.7735 |   -10260 -68.0735 |    -9660 -62.1735 |   -10060 -63.1735 |   -10060 -64.4735 |   -10060 -65.7735 |   -10060 -65.7735 |
                   |        0 -29.9535 |    forbidden      |        0 -29.9535 |        0 -29.9535 |        0 -29.9535 |        0 -29.9535 |        0 -29.9535 |        0 -29.9535 |        0 -29.9535 |        0 -29.9535 |    forbidden      |        0 -29.9535 |
-------------------+-------------------+-------------------+-------------------+-------------------+-------------------+-------------------+-------------------+-------------------+-------------------+-------------------+-------------------+-------------------+
         G         |        0 -29.9535 |        0 -29.9535 |        0 -29.9535 |     2300 -21.8535 |   -16000 -73.6535 |      900 -28.4235 |      400 -31.5535 |    -7600 -50.2535 |   -10500 -58.4535 |   -10060 -69.6235 |        0 -29.9535 |        0 -29.9535 |
                   |        0 -29.9535 |        0 -29.9535 |        0 -29.9535 |        0 -29.9535 |        0 -29.9535 |   -18660 -87.8735 |   -18660 -89.1735 |   -18660 -90.4735 |   -18660 -91.7735 |   -18660 -93.0735 |   -18660 -94.3735 |   -18660 -94.3735 |
                   |        0 -29.9535 |    forbidden      |        0 -29.9535 |   -10260 -65.4735 |        0 -29.9535 |        0 -29.9535 |    -9660 -62.1735 |   -10060 -63.1735 |        0 -29.9535 |        0 -29.9535 |    forbidden      |        0 -29.9535 |
-------------------+-------------------+-------------------+-------------------+-------------------+-------------------+-------------------+-------------------+-------------------+-------------------+-------------------+-------------------+-------------------+
         A         |        0 -29.9535 |        0 -29.9535 |        0 -29.9535 |        0 -29.9535 |     2300 -22.8235 |   -16900 -77.8535 |   -18660 -94.3235 |   -18660 -95.6235 |    -7600 -51.2235 |   -13600 -67.9535 |   -21320 -107.293 |        0 -29.9535 |
                   |        0 -29.9535 |        0 -29.9535 |        0 -29.9535 |        0 -29.9535 |        0 -29.9535 |        0 -29.9535 |   -16900 -84.3035 |   -16900 -85.6035 |   -16900 -86.9035 |   -16900 -88.2035 |   -16260 -82.1735 |   -16260 -82.1735 |
                   |        0 -29.9535 |    forbidden      |        0 -29.9535 |   -10260 -66.7735 |   -18660 -87.8735 |        0 -29.9535 |    -9660 -63.4735 |   -10060 -64.4735 |   -10500 -64.9035 |        0 -29.9535 |    forbidden      |        0 -29.9535 |
-------------------+-------------------+-------------------+-------------------+-------------------+-------------------+-------------------+-------------------+-------------------+-------------------+-------------------+-------------------+-------------------+
         A         |        0 -29.9535 |        0 -29.9535 |        0 -29.9535 |        0 -29.9535 |        0 -29.9535 |   -18660 -94.3235 |   -16900 -78.8235 |   -18660 -95.2935 |   -18660 -96.5935 |    -8200 -53.5235 |   -21200 -89.2535 |   -21120 -104.993 |
                   |        0 -29.9535 |        0 -29.9535 |        0 -29.9535 |        0 -29.9535 |        0 -29.9535 |        0 -29.9535 |   -18660 -100.773 |   -16900 -85.2735 |   -16900 -86.5735 |   -16900 -87.8735 |   -16900 -89.1735 |   -16900 -89.1735 |
                   |        0 -29.9535 |    forbidden      |        0 -29.9535 |   -10260 -68.0735 |   -18660 -89.1735 |   -16900 -84.3035 |    -9660 -64.7735 |   -10060 -65.7735 |   -10500 -66.2035 |   -16260 -82.1735 |    forbidden      |        0 -29.9535 |
-------------------+-------------------+-------------------+-------------------+-------------------+-------------------+-------------------+-------------------+-------------------+-------------------+-------------------+-------------------+-------------------+
         A         |        0 -29.9535 |        0 -29.9535 |        0 -29.9535 |        0 -29.9535 |        0 -29.9535 |   -18660 -95.6235 |   -18660 -95.2935 |   -16900 -79.7935 |   -18660 -96.2635 |   -19260 -98.8935 |   -15800 -74.8235 |   -21000 -86.9535 |
                   |        0 -29.9535 |        0 -29.9535 |        0 -29.9535 |        0 -29.9535 |        0 -29.9535 |        0 -29.9535 |        0 -29.9535 |   -18660 -101.743 |   -16900 -86.2435 |   -16900 -87.5435 |   -16900 -88.8435 |   -16900 -88.8435 |
                   |        0 -29.9535 |    forbidden      |        0 -29.9535 |   -10260 -69.3735 |   -18660 -90.4735 |   -16900 -85.6035 |   -16900 -85.2735 |   -10060 -67.0735 |   -10500 -67.5035 |   -16260 -83.4735 |    forbidden      |   -21120 -104.993 |
-------------------+-------------------+-------------------+-------------------+-------------------+-------------------+-------------------+-------------------+-------------------+-------------------+-------------------+-------------------+-------------------+
         C         |        0 -29.9535 |        0 -29.9535 |        0 -29.9535 |        0 -29.9535 |        0 -29.9535 |   -18660 -96.9235 |   -18660 -96.5935 |   -18660 -96.2635 |   -17800 -83.9935 |   -18660 -97.2335 |   -16260 -89.9235 |   -15200 -71.5235 |
                   |        0 -29.9535 |        0 -29.9535 |        0 -29.9535 |        0 -29.9535 |        0 -29.9535 |        0 -29.9535 |        0 -29.9535 |        0 -29.9535 |        0 -29.9535 |   -20460 -98.2135 |   -20460 -99.5135 |   -20460 -99.5135 |
                   |        0 -29.9535 |    forbidden      |        0 -29.9535 |   -10260 -70.6735 |   -18660 -91.7735 |   -16900 -86.9035 |   -16900 -86.5735 |   -16900 -86.2435 |   -10500 -68.8035 |   -16260 -84.7735 |    forbidden      |   -21000 -86.9535 |
-------------------+-------------------+-------------------+-------------------+-------------------+-------------------+-------------------+-------------------+-------------------+-------------------+-------------------+-------------------+-------------------+
         A         |        0 -29.9535 |        0 -29.9535 |        0 -29.9535 |        0 -29.9535 |        0 -29.9535 |   -18660 -98.2235 |   -18660 -97.8935 |   -18660 -97.5635 |   -18660 -97.2335 |   -26200 -106.393 |   -23120 -112.433 |   -16260 -89.9235 |
                   |        0 -29.9535 |        0 -29.9535 |        0 -29.9535 |        0 -29.9535 |        0 -29.9535 |        0 -29.9535 |        0 -29.9535 |        0 -29.9535 |        0 -29.9535 |        0 -29.9535 |   -28860 -120.613 |   -28860 -120.613 |
                   |        0 -29.9535 |    forbidden      |        0 -29.9535 |   -10260 -71.9735 |   -18660 -93.0735 |   -16900 -88.2035 |   -16900 -87.8735 |   -16900 -87.5435 |   -20460 -98.2135 |   -16260 -86.0735 |    forbidden      |   -21000 -88.2535 |
-------------------+-------------------+-------------------+-------------------+-------------------+-------------------+-------------------+-------------------+-------------------+-------------------+-------------------+-------------------+-------------------+
         A         |        0 -29.9535 |        0 -29.9535 |        0 -29.9535 |        0 -29.9535 |        0 -29.9535 |   -18660 -99.5235 |   -18660 -99.1935 |   -18660 -98.8635 |   -18660 -98.5335 |   -23120 -112.433 |   -33800 -127.693 |   -22920 -110.133 |
                   |        0 -29.9535 |    forbidden      |    forbidden      |    forbidden      |    forbidden      |    forbidden      |    forbidden      |    forbidden      |    forbidden      |    forbidden      |    forbidden      |    forbidden      |
                   |        0 -29.9535 |    forbidden      |        0 -29.9535 |   -10260 -73.2735 |   -18660 -94.3735 |   -16900 -89.5035 |   -16900 -89.1735 |   -16900 -88.8435 |   -20460 -99.5135 |   -28860 -120.613 |    forbidden      |   -21000 -89.5535 |
-------------------+-------------------+-------------------+-------------------+-------------------+-------------------+-------------------+-------------------+-------------------+-------------------+-------------------+-------------------+-------------------+
         $         |        0 -29.9535 |        0 -29.9535 |        0 -29.9535 |        0 -29.9535 |        0 -29.9535 |        0 -29.9535 |   -18660 -99.5235 |   -18660 -99.1935 |   -18660 -98.8635 |   -18660 -98.5335 |   -20220 -102.033 |   -33800 -127.693 |
                   |        0 -29.9535 |        0 -29.9535 |        0 -29.9535 |        0 -29.9535 |        0 -29.9535 |        0 -29.9535 |        0 -29.9535 |   -18660 -99.5235 |   -18660 -99.1935 |   -18660 -98.8635 |   -18660 -98.5335 |   -20220 -102.033 |
                   |        0 -29.9535 |    forbidden      |        0 -29.9535 |   -10260 -73.2735 |   -18660 -94.3735 |   -16900 -89.5035 |   -16900 -89.1735 |   -16900 -88.8435 |   -20460 -99.5135 |   -28860 -120.613 |    forbidden      |   -21000 -89.5535 |
-------------------+-------------------+-------------------+-------------------+-------------------+-------------------+-------------------+-------------------+-------------------+-------------------+-------------------+-------------------+-------------------+


dH = -33800.00 cal/mol
dS = -127.69 cal/K.mol (e.u)
dG = -5.80 kcal/mol at 37 °C
Tm = -8.45 °C 
